{
    "accuracy": 0.8461538461538461,
    "precision": 0.9104477611940298,
    "recall": 0.9104477611940298,
    "auc": 0.6947082767978291
}